Days              : 0
Hours             : 0
Minutes           : 0
Seconds           : 0
Milliseconds      : 76
Ticks             : 760331
TotalDays         : 8.80012731481481E-07
TotalHours        : 2.11203055555556E-05
TotalMinutes      : 0.00126721833333333
TotalSeconds      : 0.0760331
TotalMilliseconds : 76.0331
