Days              : 0
Hours             : 0
Minutes           : 0
Seconds           : 0
Milliseconds      : 385
Ticks             : 3857585
TotalDays         : 4.4647974537037E-06
TotalHours        : 0.000107155138888889
TotalMinutes      : 0.00642930833333333
TotalSeconds      : 0.3857585
TotalMilliseconds : 385.7585
