Days              : 0
Hours             : 0
Minutes           : 0
Seconds           : 0
Milliseconds      : 378
Ticks             : 3789936
TotalDays         : 4.3865E-06
TotalHours        : 0.000105276
TotalMinutes      : 0.00631656
TotalSeconds      : 0.3789936
TotalMilliseconds : 378.9936
